

>> G=[68, 83, 61, 70, 75, 82, 57, 5, 76, 85, 62, 71, 96, 78, 76, 68, 72, 75, 83, 93];
>> mean(G)

ans =

   71.8000

>> median(G)

ans =

    75

>> mode(G)

ans =

    68

>> std(G)

ans =

   18.6169

>> sort(G)

ans =

  1 至 17 列

     5    57    61    62    68    68    70    71    72    75    75    76    76    78    82    83    83

  18 至 20 列

    85    93    96

>> length(G)

ans =

    20
