>> real = [2 4 6];
>> im   = [-3 8 -16];
>> D = real + i*im;
>> D

D =

   2.0000 - 3.0000i   4.0000 + 8.0000i   6.0000 -16.0000i
